[0;38;2;232;237;247;48;2;27;32;48m  [0;1;38;2;125;211;252;48;2;27;32;48m◆ AXLR[0;38;2;232;237;247;48;2;27;32;48m   [0;1;38;2;232;237;247;48;2;27;32;48m/mcp[0;38;2;232;237;247;48;2;27;32;48m                                                               [0;38;2;110;231;183;48;2;27;32;48m● Connected[0;38;2;232;237;247;48;2;27;32;48m           [0m
[0;38;2;232;237;247;48;2;27;32;48m  [0;38;2;155;166;188;48;2;27;32;48mServidores MCP externos  ·  inventario y salud[0;38;2;232;237;247;48;2;27;32;48m                                                    [0m
[0;38;2;82;96;120;48;2;27;32;48m────────────────────────────────────────────────────────────────────────────────────────────────────[0m
[0;38;2;232;237;247;48;2;17;19;28m                                                                                                    [0m
[0;38;2;232;237;247;48;2;17;19;28m  [0;38;2;82;96;120;48;2;37;44;64m╭──────────────────────────────────────────────────────────────────────────────────────────────╮[0;38;2;232;237;247;48;2;17;19;28m  [0m
[0;38;2;232;237;247;48;2;17;19;28m  [0;38;2;82;96;120;48;2;37;44;64m│[0;38;2;232;237;247;48;2;37;44;64m  [0;38;2;155;166;188;48;2;37;44;64m⌕ Buscar servidor o herramienta…[0;38;2;232;237;247;48;2;37;44;64m                                [0;38;2;125;211;252;48;2;37;44;64m[ Todos ] [ Con error ][0;38;2;232;237;247;48;2;37;44;64m     [0;38;2;82;96;120;48;2;37;44;64m│[0;38;2;232;237;247;48;2;17;19;28m  [0m
[0;38;2;232;237;247;48;2;17;19;28m  [0;38;2;82;96;120;48;2;37;44;64m╰──────────────────────────────────────────────────────────────────────────────────────────────╯[0;38;2;232;237;247;48;2;17;19;28m  [0m
[0;38;2;232;237;247;48;2;17;19;28m                                                                                                    [0m
[0;38;2;232;237;247;48;2;17;19;28m   [0;1;38;2;155;166;188;48;2;17;19;28mSERVIDORES  2[0;38;2;232;237;247;48;2;17;19;28m                            [0;1;38;2;155;166;188;48;2;17;19;28mHERRAMIENTAS  ·  KMP[0;38;2;232;237;247;48;2;17;19;28m                                    [0m
[0;38;2;232;237;247;48;2;17;19;28m  [0;38;2;82;96;120;48;2;27;32;48m╭────────────────────────────────────╮[0;38;2;232;237;247;48;2;17;19;28m  [0;38;2;82;96;120;48;2;37;44;64m╭──────────────────────────────────────────────────────╮[0;38;2;232;237;247;48;2;17;19;28m  [0m
[0;38;2;232;237;247;48;2;17;19;28m  [0;38;2;82;96;120;48;2;27;32;48m│[0;38;2;232;237;247;48;2;27;32;48m                                    [0;38;2;82;96;120;48;2;27;32;48m│[0;38;2;232;237;247;48;2;17;19;28m  [0;38;2;82;96;120;48;2;37;44;64m│[0;38;2;232;237;247;48;2;37;44;64m                                                      [0;38;2;82;96;120;48;2;37;44;64m│[0;38;2;232;237;247;48;2;17;19;28m  [0m
[0;38;2;232;237;247;48;2;17;19;28m  [0;38;2;82;96;120;48;2;27;32;48m│[0;38;2;232;237;247;48;2;27;32;48m [0;38;2;232;237;247;48;2;54;71;101m                                  [0;38;2;232;237;247;48;2;27;32;48m [0;38;2;82;96;120;48;2;27;32;48m│[0;38;2;232;237;247;48;2;17;19;28m  [0;38;2;82;96;120;48;2;37;44;64m│[0;38;2;232;237;247;48;2;37;44;64m  [0;1;38;2;125;211;252;48;2;37;44;64mKMP[0;38;2;232;237;247;48;2;37;44;64m                                                 [0;38;2;82;96;120;48;2;37;44;64m│[0;38;2;232;237;247;48;2;17;19;28m  [0m
[0;38;2;232;237;247;48;2;17;19;28m  [0;38;2;82;96;120;48;2;27;32;48m│[0;38;2;232;237;247;48;2;27;32;48m [0;38;2;232;237;247;48;2;54;71;101m  [0;1;38;2;110;231;183;48;2;54;71;101m› ● KMP[0;38;2;232;237;247;48;2;54;71;101m                         [0;38;2;232;237;247;48;2;27;32;48m [0;38;2;82;96;120;48;2;27;32;48m│[0;38;2;232;237;247;48;2;17;19;28m  [0;38;2;82;96;120;48;2;37;44;64m│[0;38;2;232;237;247;48;2;37;44;64m  [0;38;2;155;166;188;48;2;37;44;64mMemoria grafo temporal de Underpass[0;38;2;232;237;247;48;2;37;44;64m                 [0;38;2;82;96;120;48;2;37;44;64m│[0;38;2;232;237;247;48;2;17;19;28m  [0m
[0;38;2;232;237;247;48;2;17;19;28m  [0;38;2;82;96;120;48;2;27;32;48m│[0;38;2;232;237;247;48;2;27;32;48m [0;38;2;232;237;247;48;2;54;71;101m    [0;38;2;155;166;188;48;2;54;71;101mMemoria  ·  16 herramientas[0;38;2;232;237;247;48;2;54;71;101m   [0;38;2;232;237;247;48;2;27;32;48m [0;38;2;82;96;120;48;2;27;32;48m│[0;38;2;232;237;247;48;2;17;19;28m  [0;38;2;82;96;120;48;2;37;44;64m│[0;38;2;232;237;247;48;2;37;44;64m                                                      [0;38;2;82;96;120;48;2;37;44;64m│[0;38;2;232;237;247;48;2;17;19;28m  [0m
[0;38;2;232;237;247;48;2;17;19;28m  [0;38;2;82;96;120;48;2;27;32;48m│[0;38;2;232;237;247;48;2;27;32;48m [0;38;2;232;237;247;48;2;54;71;101m    [0;38;2;155;166;188;48;2;54;71;101mConectado  ·  aprobación auto[0;38;2;232;237;247;48;2;54;71;101m [0;38;2;232;237;247;48;2;27;32;48m [0;38;2;82;96;120;48;2;27;32;48m│[0;38;2;232;237;247;48;2;17;19;28m  [0;38;2;82;96;120;48;2;37;44;64m│[0;38;2;232;237;247;48;2;37;44;64m  [0;38;2;82;96;120;48;2;37;44;64m─────────────────────────────────────────────────[0;38;2;232;237;247;48;2;37;44;64m   [0;38;2;82;96;120;48;2;37;44;64m│[0;38;2;232;237;247;48;2;17;19;28m  [0m
[0;38;2;232;237;247;48;2;17;19;28m  [0;38;2;82;96;120;48;2;27;32;48m│[0;38;2;232;237;247;48;2;27;32;48m [0;38;2;232;237;247;48;2;54;71;101m                                  [0;38;2;232;237;247;48;2;27;32;48m [0;38;2;82;96;120;48;2;27;32;48m│[0;38;2;232;237;247;48;2;17;19;28m  [0;38;2;82;96;120;48;2;37;44;64m│[0;38;2;232;237;247;48;2;37;44;64m                                                      [0;38;2;82;96;120;48;2;37;44;64m│[0;38;2;232;237;247;48;2;17;19;28m  [0m
[0;38;2;232;237;247;48;2;17;19;28m  [0;38;2;82;96;120;48;2;27;32;48m│[0;38;2;232;237;247;48;2;27;32;48m                                    [0;38;2;82;96;120;48;2;27;32;48m│[0;38;2;232;237;247;48;2;17;19;28m  [0;38;2;82;96;120;48;2;37;44;64m│[0;38;2;232;237;247;48;2;37;44;64m   [0;38;2;125;211;252;48;2;37;44;64m◇ kmp_wake        Recuperar contexto[0;38;2;232;237;247;48;2;37;44;64m               [0;38;2;82;96;120;48;2;37;44;64m│[0;38;2;232;237;247;48;2;17;19;28m  [0m
[0;38;2;232;237;247;48;2;17;19;28m  [0;38;2;82;96;120;48;2;27;32;48m│[0;38;2;232;237;247;48;2;27;32;48m                                    [0;38;2;82;96;120;48;2;27;32;48m│[0;38;2;232;237;247;48;2;17;19;28m  [0;38;2;82;96;120;48;2;37;44;64m│[0;38;2;232;237;247;48;2;37;44;64m                                                      [0;38;2;82;96;120;48;2;37;44;64m│[0;38;2;232;237;247;48;2;17;19;28m  [0m
[0;38;2;232;237;247;48;2;17;19;28m  [0;38;2;82;96;120;48;2;27;32;48m│[0;38;2;232;237;247;48;2;27;32;48m   [0;1;38;2;110;231;183;48;2;27;32;48m  ● MADE[0;38;2;232;237;247;48;2;27;32;48m                         [0;38;2;82;96;120;48;2;27;32;48m│[0;38;2;232;237;247;48;2;17;19;28m  [0;38;2;82;96;120;48;2;37;44;64m│[0;38;2;232;237;247;48;2;37;44;64m   ◇ kmp_ask         Consultar evidencia              [0;38;2;82;96;120;48;2;37;44;64m│[0;38;2;232;237;247;48;2;17;19;28m  [0m
[0;38;2;232;237;247;48;2;17;19;28m  [0;38;2;82;96;120;48;2;27;32;48m│[0;38;2;232;237;247;48;2;27;32;48m     [0;38;2;155;166;188;48;2;27;32;48mCeremonias  ·  31 herramientas[0;38;2;232;237;247;48;2;27;32;48m [0;38;2;82;96;120;48;2;27;32;48m│[0;38;2;232;237;247;48;2;17;19;28m  [0;38;2;82;96;120;48;2;37;44;64m│[0;38;2;232;237;247;48;2;37;44;64m                                                      [0;38;2;82;96;120;48;2;37;44;64m│[0;38;2;232;237;247;48;2;17;19;28m  [0m
[0;38;2;232;237;247;48;2;17;19;28m  [0;38;2;82;96;120;48;2;27;32;48m│[0;38;2;232;237;247;48;2;27;32;48m     [0;38;2;155;166;188;48;2;27;32;48mConectado  ·  aprobación auto[0;38;2;232;237;247;48;2;27;32;48m  [0;38;2;82;96;120;48;2;27;32;48m│[0;38;2;232;237;247;48;2;17;19;28m  [0;38;2;82;96;120;48;2;37;44;64m│[0;38;2;232;237;247;48;2;37;44;64m   ◇ kmp_inspect     Abrir una referencia             [0;38;2;82;96;120;48;2;37;44;64m│[0;38;2;232;237;247;48;2;17;19;28m  [0m
[0;38;2;232;237;247;48;2;17;19;28m  [0;38;2;82;96;120;48;2;27;32;48m│[0;38;2;232;237;247;48;2;27;32;48m                                    [0;38;2;82;96;120;48;2;27;32;48m│[0;38;2;232;237;247;48;2;17;19;28m  [0;38;2;82;96;120;48;2;37;44;64m│[0;38;2;232;237;247;48;2;37;44;64m                                                      [0;38;2;82;96;120;48;2;37;44;64m│[0;38;2;232;237;247;48;2;17;19;28m  [0m
[0;38;2;232;237;247;48;2;17;19;28m  [0;38;2;82;96;120;48;2;27;32;48m│[0;38;2;232;237;247;48;2;27;32;48m                                    [0;38;2;82;96;120;48;2;27;32;48m│[0;38;2;232;237;247;48;2;17;19;28m  [0;38;2;82;96;120;48;2;37;44;64m│[0;38;2;232;237;247;48;2;37;44;64m   ◇ kmp_trace       Seguir la prueba                 [0;38;2;82;96;120;48;2;37;44;64m│[0;38;2;232;237;247;48;2;17;19;28m  [0m
[0;38;2;232;237;247;48;2;17;19;28m  [0;38;2;82;96;120;48;2;27;32;48m│[0;38;2;232;237;247;48;2;27;32;48m                                    [0;38;2;82;96;120;48;2;27;32;48m│[0;38;2;232;237;247;48;2;17;19;28m  [0;38;2;82;96;120;48;2;37;44;64m│[0;38;2;232;237;247;48;2;37;44;64m                                                      [0;38;2;82;96;120;48;2;37;44;64m│[0;38;2;232;237;247;48;2;17;19;28m  [0m
[0;38;2;232;237;247;48;2;17;19;28m  [0;38;2;82;96;120;48;2;27;32;48m│[0;38;2;232;237;247;48;2;27;32;48m                                    [0;38;2;82;96;120;48;2;27;32;48m│[0;38;2;232;237;247;48;2;17;19;28m  [0;38;2;82;96;120;48;2;37;44;64m│[0;38;2;232;237;247;48;2;37;44;64m   ◇ kmp_write_memory Guardar una decisión            [0;38;2;82;96;120;48;2;37;44;64m│[0;38;2;232;237;247;48;2;17;19;28m  [0m
[0;38;2;232;237;247;48;2;17;19;28m  [0;38;2;82;96;120;48;2;27;32;48m│[0;38;2;232;237;247;48;2;27;32;48m                                    [0;38;2;82;96;120;48;2;27;32;48m│[0;38;2;232;237;247;48;2;17;19;28m  [0;38;2;82;96;120;48;2;37;44;64m│[0;38;2;232;237;247;48;2;37;44;64m                                                      [0;38;2;82;96;120;48;2;37;44;64m│[0;38;2;232;237;247;48;2;17;19;28m  [0m
[0;38;2;232;237;247;48;2;17;19;28m  [0;38;2;82;96;120;48;2;27;32;48m│[0;38;2;232;237;247;48;2;27;32;48m                                    [0;38;2;82;96;120;48;2;27;32;48m│[0;38;2;232;237;247;48;2;17;19;28m  [0;38;2;82;96;120;48;2;37;44;64m│[0;38;2;232;237;247;48;2;37;44;64m  [0;38;2;155;166;188;48;2;37;44;64mR actualizar  ·  Enter ver herramienta[0;38;2;232;237;247;48;2;37;44;64m              [0;38;2;82;96;120;48;2;37;44;64m│[0;38;2;232;237;247;48;2;17;19;28m  [0m
[0;38;2;232;237;247;48;2;17;19;28m  [0;38;2;82;96;120;48;2;27;32;48m╰────────────────────────────────────╯[0;38;2;232;237;247;48;2;17;19;28m  [0;38;2;82;96;120;48;2;37;44;64m╰──────────────────────────────────────────────────────╯[0;38;2;232;237;247;48;2;17;19;28m  [0m
[0;38;2;232;237;247;48;2;17;19;28m                                                                                                    [0m
[0;38;2;232;237;247;48;2;17;19;28m                                                                                                    [0m
[0;38;2;82;96;120;48;2;17;19;28m────────────────────────────────────────────────────────────────────────────────────────────────────[0m
[0;38;2;232;237;247;48;2;27;32;48m  [0;38;2;155;166;188;48;2;27;32;48m↑↓ servidor  ·  / buscar  ·  Tab herramientas[0;38;2;232;237;247;48;2;27;32;48m                                         [0;38;2;155;166;188;48;2;27;32;48mEsc volver[0;38;2;232;237;247;48;2;27;32;48m  [0m
