[0;38;2;232;237;247;48;2;27;32;48m  [0;1;38;2;125;211;252;48;2;27;32;48m◆ AXLR[0;38;2;232;237;247;48;2;27;32;48m   [0;1;38;2;232;237;247;48;2;27;32;48m/theme[0;38;2;232;237;247;48;2;27;32;48m                                                             [0;38;2;110;231;183;48;2;27;32;48m● Connected[0;38;2;232;237;247;48;2;27;32;48m           [0m
[0;38;2;232;237;247;48;2;27;32;48m  [0;38;2;155;166;188;48;2;27;32;48mVista previa temporal  ·  Enter guardar  ·  Esc restaurar[0;38;2;232;237;247;48;2;27;32;48m                                         [0m
[0;38;2;82;96;120;48;2;27;32;48m────────────────────────────────────────────────────────────────────────────────────────────────────[0m
[0;38;2;232;237;247;48;2;17;19;28m                                                                                                    [0m
[0;38;2;232;237;247;48;2;17;19;28m                                                                                                    [0m
[0;38;2;232;237;247;48;2;17;19;28m   [0;1;38;2;155;166;188;48;2;17;19;28mAPARIENCIA[0;38;2;232;237;247;48;2;17;19;28m                               [0;1;38;2;155;166;188;48;2;17;19;28mPREVISUALIZACIÓN  ·  INK[0;38;2;232;237;247;48;2;17;19;28m                                [0m
[0;38;2;232;237;247;48;2;17;19;28m  [0;38;2;82;96;120;48;2;27;32;48m╭─────────────────────────────────────╮[0;38;2;232;237;247;48;2;17;19;28m  [0;38;2;82;96;120;48;2;37;44;64m╭─────────────────────────────────────────────────────╮[0;38;2;232;237;247;48;2;17;19;28m  [0m
[0;38;2;232;237;247;48;2;17;19;28m  [0;38;2;82;96;120;48;2;27;32;48m│[0;38;2;232;237;247;48;2;27;32;48m [0;38;2;232;237;247;48;2;54;71;101m                                   [0;38;2;232;237;247;48;2;27;32;48m [0;38;2;82;96;120;48;2;27;32;48m│[0;38;2;232;237;247;48;2;17;19;28m  [0;38;2;82;96;120;48;2;37;44;64m│[0;38;2;232;237;247;48;2;37;44;64m                                                     [0;38;2;82;96;120;48;2;37;44;64m│[0;38;2;232;237;247;48;2;17;19;28m  [0m
[0;38;2;232;237;247;48;2;17;19;28m  [0;38;2;82;96;120;48;2;27;32;48m│[0;38;2;232;237;247;48;2;27;32;48m [0;38;2;232;237;247;48;2;54;71;101m  [0;1;38;2;125;211;252;48;2;54;71;101m› Ink[0;38;2;232;237;247;48;2;54;71;101m                            [0;38;2;232;237;247;48;2;27;32;48m [0;38;2;82;96;120;48;2;27;32;48m│[0;38;2;232;237;247;48;2;17;19;28m  [0;38;2;82;96;120;48;2;37;44;64m│[0;38;2;232;237;247;48;2;37;44;64m                                                     [0;38;2;82;96;120;48;2;37;44;64m│[0;38;2;232;237;247;48;2;17;19;28m  [0m
[0;38;2;232;237;247;48;2;17;19;28m  [0;38;2;82;96;120;48;2;27;32;48m│[0;38;2;232;237;247;48;2;27;32;48m [0;38;2;232;237;247;48;2;54;71;101m    [0;38;2;155;166;188;48;2;54;71;101mNoche equilibrada[0;38;2;232;237;247;48;2;54;71;101m              [0;38;2;232;237;247;48;2;27;32;48m [0;38;2;82;96;120;48;2;27;32;48m│[0;38;2;232;237;247;48;2;17;19;28m  [0;38;2;82;96;120;48;2;37;44;64m│[0;38;2;232;237;247;48;2;37;44;64m  [0;38;2;232;237;247;48;2;32;60;72m                                                 [0;38;2;232;237;247;48;2;37;44;64m  [0;38;2;82;96;120;48;2;37;44;64m│[0;38;2;232;237;247;48;2;17;19;28m  [0m
[0;38;2;232;237;247;48;2;17;19;28m  [0;38;2;82;96;120;48;2;27;32;48m│[0;38;2;232;237;247;48;2;27;32;48m                                     [0;38;2;82;96;120;48;2;27;32;48m│[0;38;2;232;237;247;48;2;17;19;28m  [0;38;2;82;96;120;48;2;37;44;64m│[0;38;2;232;237;247;48;2;37;44;64m  [0;38;2;232;237;247;48;2;32;60;72m  [0;1;38;2;125;211;252;48;2;32;60;72mYOU[0;38;2;232;237;247;48;2;32;60;72m                                            [0;38;2;232;237;247;48;2;37;44;64m  [0;38;2;82;96;120;48;2;37;44;64m│[0;38;2;232;237;247;48;2;17;19;28m  [0m
[0;38;2;232;237;247;48;2;17;19;28m  [0;38;2;82;96;120;48;2;27;32;48m│[0;38;2;232;237;247;48;2;27;32;48m                                     [0;38;2;82;96;120;48;2;27;32;48m│[0;38;2;232;237;247;48;2;17;19;28m  [0;38;2;82;96;120;48;2;37;44;64m│[0;38;2;232;237;247;48;2;37;44;64m  [0;38;2;232;237;247;48;2;32;60;72m  Muéstrame las decisiones de hoy                [0;38;2;232;237;247;48;2;37;44;64m  [0;38;2;82;96;120;48;2;37;44;64m│[0;38;2;232;237;247;48;2;17;19;28m  [0m
[0;38;2;232;237;247;48;2;17;19;28m  [0;38;2;82;96;120;48;2;27;32;48m│[0;38;2;232;237;247;48;2;27;32;48m     Aurora                          [0;38;2;82;96;120;48;2;27;32;48m│[0;38;2;232;237;247;48;2;17;19;28m  [0;38;2;82;96;120;48;2;37;44;64m│[0;38;2;232;237;247;48;2;37;44;64m  [0;38;2;232;237;247;48;2;32;60;72m                                                 [0;38;2;232;237;247;48;2;37;44;64m  [0;38;2;82;96;120;48;2;37;44;64m│[0;38;2;232;237;247;48;2;17;19;28m  [0m
[0;38;2;232;237;247;48;2;17;19;28m  [0;38;2;82;96;120;48;2;27;32;48m│[0;38;2;232;237;247;48;2;27;32;48m     [0;38;2;155;166;188;48;2;27;32;48mCian y verde sobre azul[0;38;2;232;237;247;48;2;27;32;48m         [0;38;2;82;96;120;48;2;27;32;48m│[0;38;2;232;237;247;48;2;17;19;28m  [0;38;2;82;96;120;48;2;37;44;64m│[0;38;2;232;237;247;48;2;37;44;64m                                                     [0;38;2;82;96;120;48;2;37;44;64m│[0;38;2;232;237;247;48;2;17;19;28m  [0m
[0;38;2;232;237;247;48;2;17;19;28m  [0;38;2;82;96;120;48;2;27;32;48m│[0;38;2;232;237;247;48;2;27;32;48m                                     [0;38;2;82;96;120;48;2;27;32;48m│[0;38;2;232;237;247;48;2;17;19;28m  [0;38;2;82;96;120;48;2;37;44;64m│[0;38;2;232;237;247;48;2;37;44;64m  [0;38;2;232;237;247;48;2;27;32;48m                                                 [0;38;2;232;237;247;48;2;37;44;64m  [0;38;2;82;96;120;48;2;37;44;64m│[0;38;2;232;237;247;48;2;17;19;28m  [0m
[0;38;2;232;237;247;48;2;17;19;28m  [0;38;2;82;96;120;48;2;27;32;48m│[0;38;2;232;237;247;48;2;27;32;48m                                     [0;38;2;82;96;120;48;2;27;32;48m│[0;38;2;232;237;247;48;2;17;19;28m  [0;38;2;82;96;120;48;2;37;44;64m│[0;38;2;232;237;247;48;2;37;44;64m  [0;38;2;232;237;247;48;2;27;32;48m  [0;1;38;2;125;211;252;48;2;27;32;48mAXLR[0;38;2;232;237;247;48;2;27;32;48m                                           [0;38;2;232;237;247;48;2;37;44;64m  [0;38;2;82;96;120;48;2;37;44;64m│[0;38;2;232;237;247;48;2;17;19;28m  [0m
[0;38;2;232;237;247;48;2;17;19;28m  [0;38;2;82;96;120;48;2;27;32;48m│[0;38;2;232;237;247;48;2;27;32;48m     Paper                           [0;38;2;82;96;120;48;2;27;32;48m│[0;38;2;232;237;247;48;2;17;19;28m  [0;38;2;82;96;120;48;2;37;44;64m│[0;38;2;232;237;247;48;2;37;44;64m  [0;38;2;232;237;247;48;2;27;32;48m                                                 [0;38;2;232;237;247;48;2;37;44;64m  [0;38;2;82;96;120;48;2;37;44;64m│[0;38;2;232;237;247;48;2;17;19;28m  [0m
[0;38;2;232;237;247;48;2;17;19;28m  [0;38;2;82;96;120;48;2;27;32;48m│[0;38;2;232;237;247;48;2;27;32;48m     [0;38;2;155;166;188;48;2;27;32;48mLectura clara[0;38;2;232;237;247;48;2;27;32;48m                   [0;38;2;82;96;120;48;2;27;32;48m│[0;38;2;232;237;247;48;2;17;19;28m  [0;38;2;82;96;120;48;2;37;44;64m│[0;38;2;232;237;247;48;2;37;44;64m  [0;38;2;232;237;247;48;2;27;32;48m  He recuperado project:AXLR.                    [0;38;2;232;237;247;48;2;37;44;64m  [0;38;2;82;96;120;48;2;37;44;64m│[0;38;2;232;237;247;48;2;17;19;28m  [0m
[0;38;2;232;237;247;48;2;17;19;28m  [0;38;2;82;96;120;48;2;27;32;48m│[0;38;2;232;237;247;48;2;27;32;48m                                     [0;38;2;82;96;120;48;2;27;32;48m│[0;38;2;232;237;247;48;2;17;19;28m  [0;38;2;82;96;120;48;2;37;44;64m│[0;38;2;232;237;247;48;2;37;44;64m  [0;38;2;232;237;247;48;2;27;32;48m                                                 [0;38;2;232;237;247;48;2;37;44;64m  [0;38;2;82;96;120;48;2;37;44;64m│[0;38;2;232;237;247;48;2;17;19;28m  [0m
[0;38;2;232;237;247;48;2;17;19;28m  [0;38;2;82;96;120;48;2;27;32;48m│[0;38;2;232;237;247;48;2;27;32;48m                                     [0;38;2;82;96;120;48;2;27;32;48m│[0;38;2;232;237;247;48;2;17;19;28m  [0;38;2;82;96;120;48;2;37;44;64m│[0;38;2;232;237;247;48;2;37;44;64m  [0;38;2;232;237;247;48;2;27;32;48m                                                 [0;38;2;232;237;247;48;2;37;44;64m  [0;38;2;82;96;120;48;2;37;44;64m│[0;38;2;232;237;247;48;2;17;19;28m  [0m
[0;38;2;232;237;247;48;2;17;19;28m  [0;38;2;82;96;120;48;2;27;32;48m│[0;38;2;232;237;247;48;2;27;32;48m     Phosphor                        [0;38;2;82;96;120;48;2;27;32;48m│[0;38;2;232;237;247;48;2;17;19;28m  [0;38;2;82;96;120;48;2;37;44;64m│[0;38;2;232;237;247;48;2;37;44;64m                                                     [0;38;2;82;96;120;48;2;37;44;64m│[0;38;2;232;237;247;48;2;17;19;28m  [0m
[0;38;2;232;237;247;48;2;17;19;28m  [0;38;2;82;96;120;48;2;27;32;48m│[0;38;2;232;237;247;48;2;27;32;48m     [0;38;2;155;166;188;48;2;27;32;48mVerde compacto[0;38;2;232;237;247;48;2;27;32;48m                  [0;38;2;82;96;120;48;2;27;32;48m│[0;38;2;232;237;247;48;2;17;19;28m  [0;38;2;82;96;120;48;2;37;44;64m│[0;38;2;232;237;247;48;2;37;44;64m  [0;38;2;232;237;247;48;2;52;43;77m  [0;38;2;110;231;183;48;2;52;43;77m◇ MEMORIA  kmp_wake  ·  correcto[0;38;2;232;237;247;48;2;52;43;77m               [0;38;2;232;237;247;48;2;37;44;64m  [0;38;2;82;96;120;48;2;37;44;64m│[0;38;2;232;237;247;48;2;17;19;28m  [0m
[0;38;2;232;237;247;48;2;17;19;28m  [0;38;2;82;96;120;48;2;27;32;48m│[0;38;2;232;237;247;48;2;27;32;48m                                     [0;38;2;82;96;120;48;2;27;32;48m│[0;38;2;232;237;247;48;2;17;19;28m  [0;38;2;82;96;120;48;2;37;44;64m│[0;38;2;232;237;247;48;2;37;44;64m  [0;38;2;232;237;247;48;2;52;43;77m                                                 [0;38;2;232;237;247;48;2;37;44;64m  [0;38;2;82;96;120;48;2;37;44;64m│[0;38;2;232;237;247;48;2;17;19;28m  [0m
[0;38;2;232;237;247;48;2;17;19;28m  [0;38;2;82;96;120;48;2;27;32;48m│[0;38;2;232;237;247;48;2;27;32;48m                                     [0;38;2;82;96;120;48;2;27;32;48m│[0;38;2;232;237;247;48;2;17;19;28m  [0;38;2;82;96;120;48;2;37;44;64m│[0;38;2;232;237;247;48;2;37;44;64m                                                     [0;38;2;82;96;120;48;2;37;44;64m│[0;38;2;232;237;247;48;2;17;19;28m  [0m
[0;38;2;232;237;247;48;2;17;19;28m  [0;38;2;82;96;120;48;2;27;32;48m│[0;38;2;232;237;247;48;2;27;32;48m [0;38;2;155;166;188;48;2;27;32;48mIconos: Seguro  ·  Nerd Mono  ·  ASCI[0;38;2;155;166;188;48;2;17;19;28mI[0;38;2;232;237;247;48;2;17;19;28m [0;38;2;82;96;120;48;2;37;44;64m│[0;38;2;232;237;247;48;2;37;44;64m                                                     [0;38;2;82;96;120;48;2;37;44;64m│[0;38;2;232;237;247;48;2;17;19;28m  [0m
[0;38;2;232;237;247;48;2;17;19;28m  [0;38;2;82;96;120;48;2;27;32;48m│[0;38;2;232;237;247;48;2;27;32;48m                                     [0;38;2;82;96;120;48;2;27;32;48m│[0;38;2;232;237;247;48;2;17;19;28m  [0;38;2;82;96;120;48;2;37;44;64m│[0;38;2;232;237;247;48;2;37;44;64m  [0;38;2;155;166;188;48;2;37;44;64m● Conectado    ⚠ Aviso    › Selección[0;38;2;232;237;247;48;2;37;44;64m              [0;38;2;82;96;120;48;2;37;44;64m│[0;38;2;232;237;247;48;2;17;19;28m  [0m
[0;38;2;232;237;247;48;2;17;19;28m  [0;38;2;82;96;120;48;2;27;32;48m╰─────────────────────────────────────╯[0;38;2;232;237;247;48;2;17;19;28m  [0;38;2;82;96;120;48;2;37;44;64m╰─────────────────────────────────────────────────────╯[0;38;2;232;237;247;48;2;17;19;28m  [0m
[0;38;2;232;237;247;48;2;17;19;28m                                                                                                    [0m
[0;38;2;232;237;247;48;2;17;19;28m                                                                                                    [0m
[0;38;2;232;237;247;48;2;17;19;28m                                                                                                    [0m
[0;38;2;82;96;120;48;2;17;19;28m────────────────────────────────────────────────────────────────────────────────────────────────────[0m
[0;38;2;232;237;247;48;2;27;32;48m  [0;38;2;155;166;188;48;2;27;32;48m↑↓ probar  ·  Tab perfil de iconos[0;38;2;232;237;247;48;2;27;32;48m                               [0;38;2;155;166;188;48;2;27;32;48mEnter guardar  ·  Esc restaurar[0;38;2;232;237;247;48;2;27;32;48m  [0m
