[0;38;2;232;237;247;48;2;27;32;48m  [0;1;38;2;125;211;252;48;2;27;32;48m◆ AXLR[0;38;2;232;237;247;48;2;27;32;48m   [0;1;38;2;232;237;247;48;2;27;32;48m/plugin[0;38;2;232;237;247;48;2;27;32;48m                                                            [0;38;2;110;231;183;48;2;27;32;48m● Connected[0;38;2;232;237;247;48;2;27;32;48m           [0m
[0;38;2;232;237;247;48;2;27;32;48m  [0;38;2;155;166;188;48;2;27;32;48mPlugins registrados  ·  permisos por identidad exacta[0;38;2;232;237;247;48;2;27;32;48m                                             [0m
[0;38;2;82;96;120;48;2;27;32;48m────────────────────────────────────────────────────────────────────────────────────────────────────[0m
[0;38;2;232;237;247;48;2;17;19;28m                                                                                                    [0m
[0;38;2;232;237;247;48;2;17;19;28m  [0;38;2;82;96;120;48;2;37;44;64m╭──────────────────────────────────────────────────────────────────────────────────────────────╮[0;38;2;232;237;247;48;2;17;19;28m  [0m
[0;38;2;232;237;247;48;2;17;19;28m  [0;38;2;82;96;120;48;2;37;44;64m│[0;38;2;232;237;247;48;2;37;44;64m  [0;38;2;155;166;188;48;2;37;44;64m⌕ Buscar plugin…[0;38;2;232;237;247;48;2;37;44;64m                                                 [0;38;2;125;211;252;48;2;37;44;64m[ Todos ] [ Manual ] [ Auto [0;38;2;125;211;252;48;2;17;19;28m][0;38;2;232;237;247;48;2;17;19;28m [0m
[0;38;2;232;237;247;48;2;17;19;28m  [0;38;2;82;96;120;48;2;37;44;64m╰──────────────────────────────────────────────────────────────────────────────────────────────╯[0;38;2;232;237;247;48;2;17;19;28m  [0m
[0;38;2;232;237;247;48;2;17;19;28m                                                                                                    [0m
[0;38;2;232;237;247;48;2;17;19;28m   [0;1;38;2;155;166;188;48;2;17;19;28mPLUGINS  2[0;38;2;232;237;247;48;2;17;19;28m                               [0;1;38;2;155;166;188;48;2;17;19;28mPERMISOS  ·  KMP[0;38;2;232;237;247;48;2;17;19;28m                                        [0m
[0;38;2;232;237;247;48;2;17;19;28m  [0;38;2;82;96;120;48;2;27;32;48m╭────────────────────────────────────╮[0;38;2;232;237;247;48;2;17;19;28m  [0;38;2;82;96;120;48;2;37;44;64m╭──────────────────────────────────────────────────────╮[0;38;2;232;237;247;48;2;17;19;28m  [0m
[0;38;2;232;237;247;48;2;17;19;28m  [0;38;2;82;96;120;48;2;27;32;48m│[0;38;2;232;237;247;48;2;27;32;48m                                    [0;38;2;82;96;120;48;2;27;32;48m│[0;38;2;232;237;247;48;2;17;19;28m  [0;38;2;82;96;120;48;2;37;44;64m│[0;38;2;232;237;247;48;2;37;44;64m                                                      [0;38;2;82;96;120;48;2;37;44;64m│[0;38;2;232;237;247;48;2;17;19;28m  [0m
[0;38;2;232;237;247;48;2;17;19;28m  [0;38;2;82;96;120;48;2;27;32;48m│[0;38;2;232;237;247;48;2;27;32;48m [0;38;2;232;237;247;48;2;54;71;101m                                  [0;38;2;232;237;247;48;2;27;32;48m [0;38;2;82;96;120;48;2;27;32;48m│[0;38;2;232;237;247;48;2;17;19;28m  [0;38;2;82;96;120;48;2;37;44;64m│[0;38;2;232;237;247;48;2;37;44;64m  [0;1;38;2;125;211;252;48;2;37;44;64mKMP  ·  memoria[0;38;2;232;237;247;48;2;37;44;64m                                     [0;38;2;82;96;120;48;2;37;44;64m│[0;38;2;232;237;247;48;2;17;19;28m  [0m
[0;38;2;232;237;247;48;2;17;19;28m  [0;38;2;82;96;120;48;2;27;32;48m│[0;38;2;232;237;247;48;2;27;32;48m [0;38;2;232;237;247;48;2;54;71;101m  [0;1;38;2;125;211;252;48;2;54;71;101m› ◇ KMP[0;38;2;232;237;247;48;2;54;71;101m                         [0;38;2;232;237;247;48;2;27;32;48m [0;38;2;82;96;120;48;2;27;32;48m│[0;38;2;232;237;247;48;2;17;19;28m  [0;38;2;82;96;120;48;2;37;44;64m│[0;38;2;232;237;247;48;2;37;44;64m                                                      [0;38;2;82;96;120;48;2;37;44;64m│[0;38;2;232;237;247;48;2;17;19;28m  [0m
[0;38;2;232;237;247;48;2;17;19;28m  [0;38;2;82;96;120;48;2;27;32;48m│[0;38;2;232;237;247;48;2;27;32;48m [0;38;2;232;237;247;48;2;54;71;101m    [0;38;2;110;231;183;48;2;54;71;101mMemoria  ·  auto[0;38;2;232;237;247;48;2;54;71;101m              [0;38;2;232;237;247;48;2;27;32;48m [0;38;2;82;96;120;48;2;27;32;48m│[0;38;2;232;237;247;48;2;17;19;28m  [0;38;2;82;96;120;48;2;37;44;64m│[0;38;2;232;237;247;48;2;37;44;64m  [0;38;2;155;166;188;48;2;37;44;64mIdentidad exacta   kmp[0;38;2;232;237;247;48;2;37;44;64m                              [0;38;2;82;96;120;48;2;37;44;64m│[0;38;2;232;237;247;48;2;17;19;28m  [0m
[0;38;2;232;237;247;48;2;17;19;28m  [0;38;2;82;96;120;48;2;27;32;48m│[0;38;2;232;237;247;48;2;27;32;48m [0;38;2;232;237;247;48;2;54;71;101m    [0;38;2;155;166;188;48;2;54;71;101m16 herramientas permitidas[0;38;2;232;237;247;48;2;54;71;101m    [0;38;2;232;237;247;48;2;27;32;48m [0;38;2;82;96;120;48;2;27;32;48m│[0;38;2;232;237;247;48;2;17;19;28m  [0;38;2;82;96;120;48;2;37;44;64m│[0;38;2;232;237;247;48;2;37;44;64m  [0;38;2;155;166;188;48;2;37;44;64mManifiesto        16 herramientas[0;38;2;232;237;247;48;2;37;44;64m                   [0;38;2;82;96;120;48;2;37;44;64m│[0;38;2;232;237;247;48;2;17;19;28m  [0m
[0;38;2;232;237;247;48;2;17;19;28m  [0;38;2;82;96;120;48;2;27;32;48m│[0;38;2;232;237;247;48;2;27;32;48m [0;38;2;232;237;247;48;2;54;71;101m                                  [0;38;2;232;237;247;48;2;27;32;48m [0;38;2;82;96;120;48;2;27;32;48m│[0;38;2;232;237;247;48;2;17;19;28m  [0;38;2;82;96;120;48;2;37;44;64m│[0;38;2;232;237;247;48;2;37;44;64m                                                      [0;38;2;82;96;120;48;2;37;44;64m│[0;38;2;232;237;247;48;2;17;19;28m  [0m
[0;38;2;232;237;247;48;2;17;19;28m  [0;38;2;82;96;120;48;2;27;32;48m│[0;38;2;232;237;247;48;2;27;32;48m                                    [0;38;2;82;96;120;48;2;27;32;48m│[0;38;2;232;237;247;48;2;17;19;28m  [0;38;2;82;96;120;48;2;37;44;64m│[0;38;2;232;237;247;48;2;37;44;64m  [0;38;2;82;96;120;48;2;37;44;64m─────────────────────────────────────────────────[0;38;2;232;237;247;48;2;37;44;64m   [0;38;2;82;96;120;48;2;37;44;64m│[0;38;2;232;237;247;48;2;17;19;28m  [0m
[0;38;2;232;237;247;48;2;17;19;28m  [0;38;2;82;96;120;48;2;27;32;48m│[0;38;2;232;237;247;48;2;27;32;48m                                    [0;38;2;82;96;120;48;2;27;32;48m│[0;38;2;232;237;247;48;2;17;19;28m  [0;38;2;82;96;120;48;2;37;44;64m│[0;38;2;232;237;247;48;2;37;44;64m                                                      [0;38;2;82;96;120;48;2;37;44;64m│[0;38;2;232;237;247;48;2;17;19;28m  [0m
[0;38;2;232;237;247;48;2;17;19;28m  [0;38;2;82;96;120;48;2;27;32;48m│[0;38;2;232;237;247;48;2;27;32;48m   [0;1;38;2;232;237;247;48;2;27;32;48m  ◆ MADE[0;38;2;232;237;247;48;2;27;32;48m                         [0;38;2;82;96;120;48;2;27;32;48m│[0;38;2;232;237;247;48;2;17;19;28m  [0;38;2;82;96;120;48;2;37;44;64m│[0;38;2;232;237;247;48;2;37;44;64m  [0;38;2;155;166;188;48;2;37;44;64mPolítica actual[0;38;2;232;237;247;48;2;37;44;64m                                     [0;38;2;82;96;120;48;2;37;44;64m│[0;38;2;232;237;247;48;2;17;19;28m  [0m
[0;38;2;232;237;247;48;2;17;19;28m  [0;38;2;82;96;120;48;2;27;32;48m│[0;38;2;232;237;247;48;2;27;32;48m     [0;38;2;110;231;183;48;2;27;32;48mCeremonias  ·  auto[0;38;2;232;237;247;48;2;27;32;48m            [0;38;2;82;96;120;48;2;27;32;48m│[0;38;2;232;237;247;48;2;17;19;28m  [0;38;2;82;96;120;48;2;37;44;64m│[0;38;2;232;237;247;48;2;37;44;64m                                                      [0;38;2;82;96;120;48;2;37;44;64m│[0;38;2;232;237;247;48;2;17;19;28m  [0m
[0;38;2;232;237;247;48;2;17;19;28m  [0;38;2;82;96;120;48;2;27;32;48m│[0;38;2;232;237;247;48;2;27;32;48m     [0;38;2;155;166;188;48;2;27;32;48m31 herramientas permitidas[0;38;2;232;237;247;48;2;27;32;48m     [0;38;2;82;96;120;48;2;27;32;48m│[0;38;2;232;237;247;48;2;17;19;28m  [0;38;2;82;96;120;48;2;37;44;64m│[0;38;2;232;237;247;48;2;37;44;64m  [0;38;2;232;237;247;48;2;54;71;101m                       [0;38;2;232;237;247;48;2;37;44;64m                             [0;38;2;82;96;120;48;2;37;44;64m│[0;38;2;232;237;247;48;2;17;19;28m  [0m
[0;38;2;232;237;247;48;2;17;19;28m  [0;38;2;82;96;120;48;2;27;32;48m│[0;38;2;232;237;247;48;2;27;32;48m                                    [0;38;2;82;96;120;48;2;27;32;48m│[0;38;2;232;237;247;48;2;17;19;28m  [0;38;2;82;96;120;48;2;37;44;64m│[0;38;2;232;237;247;48;2;37;44;64m  [0;38;2;232;237;247;48;2;54;71;101m  [0;1;38;2;110;231;183;48;2;54;71;101m● Automática[0;38;2;232;237;247;48;2;54;71;101m         [0;38;2;232;237;247;48;2;37;44;64m  [0;38;2;155;166;188;48;2;37;44;64m○ Manual[0;38;2;232;237;247;48;2;37;44;64m                   [0;38;2;82;96;120;48;2;37;44;64m│[0;38;2;232;237;247;48;2;17;19;28m  [0m
[0;38;2;232;237;247;48;2;17;19;28m  [0;38;2;82;96;120;48;2;27;32;48m│[0;38;2;232;237;247;48;2;27;32;48m                                    [0;38;2;82;96;120;48;2;27;32;48m│[0;38;2;232;237;247;48;2;17;19;28m  [0;38;2;82;96;120;48;2;37;44;64m│[0;38;2;232;237;247;48;2;37;44;64m  [0;38;2;232;237;247;48;2;54;71;101m                       [0;38;2;232;237;247;48;2;37;44;64m                             [0;38;2;82;96;120;48;2;37;44;64m│[0;38;2;232;237;247;48;2;17;19;28m  [0m
[0;38;2;232;237;247;48;2;17;19;28m  [0;38;2;82;96;120;48;2;27;32;48m│[0;38;2;232;237;247;48;2;27;32;48m                                    [0;38;2;82;96;120;48;2;27;32;48m│[0;38;2;232;237;247;48;2;17;19;28m  [0;38;2;82;96;120;48;2;37;44;64m│[0;38;2;232;237;247;48;2;37;44;64m                                                      [0;38;2;82;96;120;48;2;37;44;64m│[0;38;2;232;237;247;48;2;17;19;28m  [0m
[0;38;2;232;237;247;48;2;17;19;28m  [0;38;2;82;96;120;48;2;27;32;48m│[0;38;2;232;237;247;48;2;27;32;48m                                    [0;38;2;82;96;120;48;2;27;32;48m│[0;38;2;232;237;247;48;2;17;19;28m  [0;38;2;82;96;120;48;2;37;44;64m│[0;38;2;232;237;247;48;2;37;44;64m  [0;38;2;155;166;188;48;2;37;44;64mSolo herramientas permitidas del plugin.[0;38;2;232;237;247;48;2;37;44;64m            [0;38;2;82;96;120;48;2;37;44;64m│[0;38;2;232;237;247;48;2;17;19;28m  [0m
[0;38;2;232;237;247;48;2;17;19;28m  [0;38;2;82;96;120;48;2;27;32;48m│[0;38;2;232;237;247;48;2;27;32;48m                                    [0;38;2;82;96;120;48;2;27;32;48m│[0;38;2;232;237;247;48;2;17;19;28m  [0;38;2;82;96;120;48;2;37;44;64m│[0;38;2;232;237;247;48;2;37;44;64m  [0;38;2;251;191;114;48;2;37;44;64mCambiar exige confirmar el alcance.[0;38;2;232;237;247;48;2;37;44;64m                 [0;38;2;82;96;120;48;2;37;44;64m│[0;38;2;232;237;247;48;2;17;19;28m  [0m
[0;38;2;232;237;247;48;2;17;19;28m  [0;38;2;82;96;120;48;2;27;32;48m│[0;38;2;232;237;247;48;2;27;32;48m                                    [0;38;2;82;96;120;48;2;27;32;48m│[0;38;2;232;237;247;48;2;17;19;28m  [0;38;2;82;96;120;48;2;37;44;64m│[0;38;2;232;237;247;48;2;37;44;64m                                                      [0;38;2;82;96;120;48;2;37;44;64m│[0;38;2;232;237;247;48;2;17;19;28m  [0m
[0;38;2;232;237;247;48;2;17;19;28m  [0;38;2;82;96;120;48;2;27;32;48m╰────────────────────────────────────╯[0;38;2;232;237;247;48;2;17;19;28m  [0;38;2;82;96;120;48;2;37;44;64m╰──────────────────────────────────────────────────────╯[0;38;2;232;237;247;48;2;17;19;28m  [0m
[0;38;2;232;237;247;48;2;17;19;28m                                                                                                    [0m
[0;38;2;232;237;247;48;2;17;19;28m                                                                                                    [0m
[0;38;2;82;96;120;48;2;17;19;28m────────────────────────────────────────────────────────────────────────────────────────────────────[0m
[0;38;2;232;237;247;48;2;27;32;48m  [0;38;2;155;166;188;48;2;27;32;48m↑↓ plugin  ·  / buscar  ·  Enter cambiar política[0;38;2;232;237;247;48;2;27;32;48m                                     [0;38;2;155;166;188;48;2;27;32;48mEsc volver[0;38;2;232;237;247;48;2;27;32;48m  [0m
