[0;38;2;232;237;247;48;2;27;32;48m  [0;1;38;2;125;211;252;48;2;27;32;48m◆ AXLR[0;38;2;232;237;247;48;2;27;32;48m   [0;1;38;2;232;237;247;48;2;27;32;48mEstados de actividad[0;38;2;232;237;247;48;2;27;32;48m                                               [0;38;2;110;231;183;48;2;27;32;48m● Connected[0;38;2;232;237;247;48;2;27;32;48m           [0m
[0;38;2;232;237;247;48;2;27;32;48m  [0;38;2;155;166;188;48;2;27;32;48mStoryboard  ·  cada estado empieza y acaba con un evento real[0;38;2;232;237;247;48;2;27;32;48m                                     [0m
[0;38;2;82;96;120;48;2;27;32;48m────────────────────────────────────────────────────────────────────────────────────────────────────[0m
[0;38;2;232;237;247;48;2;17;19;28m                                                                                                    [0m
[0;38;2;232;237;247;48;2;17;19;28m  [0;38;2;82;96;120;48;2;27;32;48m╭──────────────────────────────────────────────────────────────────────────────────────────────╮[0;38;2;232;237;247;48;2;17;19;28m  [0m
[0;38;2;232;237;247;48;2;17;19;28m  [0;38;2;82;96;120;48;2;27;32;48m│[0;38;2;232;237;247;48;2;27;32;48m  [0;1;38;2;251;191;114;48;2;27;32;48m1  CONEXIÓN[0;38;2;232;237;247;48;2;27;32;48m                           [0;38;2;155;166;188;48;2;27;32;48mEventStreamStart[0;38;2;232;237;247;48;2;27;32;48m                                      [0;38;2;82;96;120;48;2;27;32;48m│[0;38;2;232;237;247;48;2;17;19;28m  [0m
[0;38;2;232;237;247;48;2;17;19;28m  [0;38;2;82;96;120;48;2;27;32;48m│[0;38;2;232;237;247;48;2;27;32;48m                                                                                              [0;38;2;82;96;120;48;2;27;32;48m│[0;38;2;232;237;247;48;2;17;19;28m  [0m
[0;38;2;232;237;247;48;2;17;19;28m  [0;38;2;82;96;120;48;2;27;32;48m│[0;38;2;232;237;247;48;2;27;32;48m  [0;38;2;251;191;114;48;2;27;32;48m◌  Conectando con el modelo  ·  00:01[0;38;2;232;237;247;48;2;27;32;48m                                 [0;38;2;155;166;188;48;2;27;32;48mEsc cancelar[0;38;2;232;237;247;48;2;27;32;48m          [0;38;2;82;96;120;48;2;27;32;48m│[0;38;2;232;237;247;48;2;17;19;28m  [0m
[0;38;2;232;237;247;48;2;17;19;28m  [0;38;2;82;96;120;48;2;27;32;48m╰──────────────────────────────────────────────────────────────────────────────────────────────╯[0;38;2;232;237;247;48;2;17;19;28m  [0m
[0;38;2;232;237;247;48;2;17;19;28m                                                                                                    [0m
[0;38;2;232;237;247;48;2;17;19;28m  [0;38;2;82;96;120;48;2;27;32;48m╭──────────────────────────────────────────────────────────────────────────────────────────────╮[0;38;2;232;237;247;48;2;17;19;28m  [0m
[0;38;2;232;237;247;48;2;17;19;28m  [0;38;2;82;96;120;48;2;27;32;48m│[0;38;2;232;237;247;48;2;27;32;48m  [0;1;38;2;125;211;252;48;2;27;32;48m2  RAZONAMIENTO[0;38;2;232;237;247;48;2;27;32;48m                       [0;38;2;155;166;188;48;2;27;32;48mProviderReasoning[0;38;2;232;237;247;48;2;27;32;48m                                     [0;38;2;82;96;120;48;2;27;32;48m│[0;38;2;232;237;247;48;2;17;19;28m  [0m
[0;38;2;232;237;247;48;2;17;19;28m  [0;38;2;82;96;120;48;2;27;32;48m│[0;38;2;232;237;247;48;2;27;32;48m                                                                                              [0;38;2;82;96;120;48;2;27;32;48m│[0;38;2;232;237;247;48;2;17;19;28m  [0m
[0;38;2;232;237;247;48;2;17;19;28m  [0;38;2;82;96;120;48;2;27;32;48m│[0;38;2;232;237;247;48;2;27;32;48m  [0;38;2;125;211;252;48;2;27;32;48m✦  Modelo razonando  ·  00:06[0;38;2;232;237;247;48;2;27;32;48m                                         [0;38;2;155;166;188;48;2;27;32;48mEsc cancelar[0;38;2;232;237;247;48;2;27;32;48m          [0;38;2;82;96;120;48;2;27;32;48m│[0;38;2;232;237;247;48;2;17;19;28m  [0m
[0;38;2;232;237;247;48;2;17;19;28m  [0;38;2;82;96;120;48;2;27;32;48m╰──────────────────────────────────────────────────────────────────────────────────────────────╯[0;38;2;232;237;247;48;2;17;19;28m  [0m
[0;38;2;232;237;247;48;2;17;19;28m                                                                                                    [0m
[0;38;2;232;237;247;48;2;17;19;28m  [0;38;2;82;96;120;48;2;27;32;48m╭──────────────────────────────────────────────────────────────────────────────────────────────╮[0;38;2;232;237;247;48;2;17;19;28m  [0m
[0;38;2;232;237;247;48;2;17;19;28m  [0;38;2;82;96;120;48;2;27;32;48m│[0;38;2;232;237;247;48;2;27;32;48m  [0;1;38;2;125;211;252;48;2;27;32;48m3  PREPARACIÓN[0;38;2;232;237;247;48;2;27;32;48m                        [0;38;2;155;166;188;48;2;27;32;48mProviderToolCall[0;38;2;232;237;247;48;2;27;32;48m                                      [0;38;2;82;96;120;48;2;27;32;48m│[0;38;2;232;237;247;48;2;17;19;28m  [0m
[0;38;2;232;237;247;48;2;17;19;28m  [0;38;2;82;96;120;48;2;27;32;48m│[0;38;2;232;237;247;48;2;27;32;48m                                                                                              [0;38;2;82;96;120;48;2;27;32;48m│[0;38;2;232;237;247;48;2;17;19;28m  [0m
[0;38;2;232;237;247;48;2;17;19;28m  [0;38;2;82;96;120;48;2;27;32;48m│[0;38;2;232;237;247;48;2;27;32;48m  [0;38;2;125;211;252;48;2;27;32;48m◇  Preparando herramientas  ·  00:02[0;38;2;232;237;247;48;2;27;32;48m                                  [0;38;2;155;166;188;48;2;27;32;48mEsc cancelar[0;38;2;232;237;247;48;2;27;32;48m          [0;38;2;82;96;120;48;2;27;32;48m│[0;38;2;232;237;247;48;2;17;19;28m  [0m
[0;38;2;232;237;247;48;2;17;19;28m  [0;38;2;82;96;120;48;2;27;32;48m╰──────────────────────────────────────────────────────────────────────────────────────────────╯[0;38;2;232;237;247;48;2;17;19;28m  [0m
[0;38;2;232;237;247;48;2;17;19;28m                                                                                                    [0m
[0;38;2;232;237;247;48;2;17;19;28m  [0;38;2;82;96;120;48;2;27;32;48m╭──────────────────────────────────────────────────────────────────────────────────────────────╮[0;38;2;232;237;247;48;2;17;19;28m  [0m
[0;38;2;232;237;247;48;2;17;19;28m  [0;38;2;82;96;120;48;2;27;32;48m│[0;38;2;232;237;247;48;2;27;32;48m  [0;1;38;2;110;231;183;48;2;27;32;48m4  EJECUCIÓN[0;38;2;232;237;247;48;2;27;32;48m                          [0;38;2;155;166;188;48;2;27;32;48mEventToolExecutionStarted[0;38;2;232;237;247;48;2;27;32;48m                             [0;38;2;82;96;120;48;2;27;32;48m│[0;38;2;232;237;247;48;2;17;19;28m  [0m
[0;38;2;232;237;247;48;2;17;19;28m  [0;38;2;82;96;120;48;2;27;32;48m│[0;38;2;232;237;247;48;2;27;32;48m                                                                                              [0;38;2;82;96;120;48;2;27;32;48m│[0;38;2;232;237;247;48;2;17;19;28m  [0m
[0;38;2;232;237;247;48;2;17;19;28m  [0;38;2;82;96;120;48;2;27;32;48m│[0;38;2;232;237;247;48;2;27;32;48m  [0;38;2;110;231;183;48;2;27;32;48m●  Ejecutando kmp_wake  ·  00:04[0;38;2;232;237;247;48;2;27;32;48m                                      [0;38;2;155;166;188;48;2;27;32;48mEsc cancelar[0;38;2;232;237;247;48;2;27;32;48m          [0;38;2;82;96;120;48;2;27;32;48m│[0;38;2;232;237;247;48;2;17;19;28m  [0m
[0;38;2;232;237;247;48;2;17;19;28m  [0;38;2;82;96;120;48;2;27;32;48m╰──────────────────────────────────────────────────────────────────────────────────────────────╯[0;38;2;232;237;247;48;2;17;19;28m  [0m
[0;38;2;232;237;247;48;2;17;19;28m                                                                                                    [0m
[0;38;2;232;237;247;48;2;17;19;28m                                                                                                    [0m
[0;38;2;232;237;247;48;2;17;19;28m                                                                                                    [0m
[0;38;2;82;96;120;48;2;17;19;28m────────────────────────────────────────────────────────────────────────────────────────────────────[0m
[0;38;2;232;237;247;48;2;27;32;48m  [0;38;2;155;166;188;48;2;27;32;48mMovimiento reducido: glifo fijo; duración cada 1 s[0;38;2;232;237;247;48;2;27;32;48m                      [0;38;2;155;166;188;48;2;27;32;48mSin porcentaje inventado[0;38;2;232;237;247;48;2;27;32;48m  [0m
